135 4 43 1
36 0 10 8 0 17
56 6 0 34 8 61
56 6 0
28 64 159 23 0 0 10 0
0 4 0 0
11 25 0 60 4 115 2
57 32 3 0 2
76 16 30 0 0 10 0 16 0
101 4 57 56 6 50 36 23 0 2
28 39 0 82 60
135 4 3 146 82 60
0 9
92 0 17
63 113 16 13 82 0 4 28 39 0 9
28 64 92 55
0 0 47 0
65
0
90 94 23
5 0 42 49 101
96 60 0 2
15 0 0
42 49 104 0 4 118
3 105 0 4 118
118 42 49 77 187
0 16 24 8 33 95 118 118 33 95 2
40 164 0 113 16 187
0 9
106 16 15 0 0 9
42 49 0 0
3 0 18 38 0 2
30 4 11 18 115 0 2
0 2
3 56 6 188 18 11 2
46 0 32 3 2
0 0
167 4 167
0 16 62 0 2
0 6 7 18 2
0 42 49 135
0 15 0 20 0 0
0 0 2
3 56 6 19 10 0 18 82
128 132 0 4 0
28 91 0 18 23 0 20 8 0
100 4 30 0 7 117 2
0 6 48 2
0 16 119 18 149
0 85 20 15 0
0 9
0 0 18 86
0 11 0 20 0
42 120 0 145
54 3 0 27 2
22 2
63 3 19 0 0 0 0 21 0 0 0 17
21 42 49 0 0 0 34 15 0 20 0
46 0 20 0 0 74 3 19 2
22 11 18 2
0 16 0 4 150 0
155 16 0 0 0 27 0
8 0 32 62 0
21 63 5 0 6 14 8 0 155 16 96 0 17
18 0 12 86 0 0 15 1
39
0 34 27 2
71 1
36 34 4 0 18
0 0 0 0 21 0 0 0 17
0 0 0 34 15 0 20 0
0 18 1
76 16 151 0 10 0
146 1
63 3 159 18 0 17
3 0 6 14 18 78 7 9
30 0 0
15 0 20 0 0 17
21 30 0 185 0 9
135 9
28 91 174 18 9
18 53 0 0 30 4 106 16 109 115
3 56 6 19 10 99 0 122 18
84 56 6 14 27 23 0
63 3 125 14 18 42 120 75 84 14
0 6 8 0 190 12 15 0 2
0 150 0 156 0
5 169 0 6 14 18 184 90 0 107
3 0 115 126
5 56 6 77 0 112 53 62 0 51 155 16 0
42 49 53 0 15 0 0 0
7 124 52 0
90 4 28 39 0
28 64 0 35 0 0
56 6 0 4 44 3 2
90 4 31 0 16 0
42 49 0 2
177 10 8 0 0 16 0 20 0 103
35 0 150 0 0 60 0
76 64 52 65 10 100 55 149
5 78 8 0
113 16 127 15 0 4 0 0
0 9
0 9
192 6 98 3 68 15 0 78 27
52 0 1
0
0
28 39 0 0 11 48 0 10 0 2
48 32 0 0
81 15 0 88 0 2
78 22 2
22 11 48 2
0 2
0 2
46 122 0 2
15 0 115 0 17
43 22 17
0 2
0 24 0 1
26 43 149 17
42 49 0 10 90
0 24 15 0 20 0 34 8 0
23 15 0 0
3 0 15 0 9
11 85 0 2
63 13 4 28 64 19 0
0 9
11 8 0 140 2
30 4 155 16 38 8 0
135 4 45 0 34 0
76 16 0 34 8 0
28 64 147 18 23 60
0 4 28 39 53 0 93
18 0 0 31 3
42 64 123 19 0
0 27 86 4 90
171 4 76 16 117 31 25 0
152 0 2
0 0
157 9
8 0 5 0 47 0
54 3 0 18 10 35 0 2
33 95 0 37 0 23 8 0 20 0 33
132 0 0 0 8 0 0 17 17 0 107 23 0
8 0 20 0 11 0 10 52 0
26 15 0 0 17 17 47 96 0 24 8 0 17 17 20 8 0 0 152 0 0 0
0 4 22 50 159 0 17 17 37 0 176 15 0 0 23 0 23 0
0 8 0 32 8 0 83 13 11 58 15 0 20 0
0 0 0 0 17 17 38 0 0 16 0 20 0 0 17
78 151 0 60 0 16 30 0 18 0 0 0
62 45 0 6 19 18
0 2
163 170 10 8 0 0 17
102 9
102 9
30 4 28 39 0 104 65
5 54 0 38 0 0 34 0 0
76 16 127 15 65 0
3 41 10 94 161 2
30 0
25 0 0 6 0 2
5 100 4 26 18 0 0
3 100 4 28 39 8 0 0 0
0 5 0 3 2
62 0 16 87 3 32
28 39 0 10 144
182 0 25 0 0
113 16 0 10 0
0 2
0 64 52 0 20 7 23 0 9
0 25 0 10 0 4 90
3 0 2
71 4 5 14
76 16 0 31 3 9
26 3 0 9
0 18 82 1
42 49 58 15 0
28 64 53 0 18 177
102 9
0 3 0 0 25 0 4 0 0
32 84 0 2
0 79 31 12
0 9
46 0 9
0 157 11 60
65 193
90 94 23
73 5 0 2
13 38 69 1
27 11 151 0
102 4 0 157
5 0 15 0 10 25 144
171 4 5 0 25 0
65 0 1
139 0
76 16 0 1
90
76 16 0 1
90
0 120 3 78 10 52 15 0 2
22 0 2
0 1
0 0
31 0
23 0 0 4 0 2
44 3 2
26 0 21 5 17
76 120 52 0 31 3 1
90 14 18
26 8 0 17
45 0 4 56 6 3 2
43 76 16 0 2
42 64 14 18 2
65 9
26 0 0 17
76 16 96 0
0 15 0 9
42 49 0 24 18
0 62
186 20 8 0 11 0 194 7 20 8 0 0 0 20 152 11 23 8 0 0
46 0 194 11 8 186 20 8 0 23 0 10 0 23 8 0 0 2
46 0 194 17
101 4 106 16 17
0 0 20 8 0 11 23 8 0 196 17
146 4 5 53 19 8 181 9
76 16 0 132 3 0 27
106 16 15 65 166 9
0 0 20 8 186 17
0 16 0 60
46 0 194 11 8 186 20 8 0 23 0 10 0
94 23 1
0
0 2
74 3 99 0 0 2
46 67 18 36 2
8 0 16 186 0 0 4 43 0 186 0 0 0
62 0 23 8 0 0 11 17
0 0 194 0 0 0 0 0
134 4 8 186 20 8 0 17 0 2
0 0 0 0 0
0 120 3 99 8 0 2
27 2
176 0 8 186 0 17
8 0 0 0 85 0
0 4 77 2
62 8 0 11 0 0
106 16 8 0 186
62 0 0 0 176 0 0 17 17 11 0 21 0 0 4 106 16 8 0
71 9
106 16 135 9
0 120 3 0 150 2
8 0
3 74 0 2
71 4 5 74
0 0 4 115 2
71 1
21 3 0 0 2
20 0
62 0 91 70 10 0 122
62 18 0
0 17
0 73 17
102 2
90 94 23
0
76 16 96 15 0 1
94 23
0 16 0 2
71 4 175 3 1
3 164 105 65
3 115 4 3 105 0 0 117 5 100 3
25 0 47 0
5 0 18
25 0 16 13 0
30 4 26 5 0 3 78 0
175 3 104 126
27 11 150 0
0 4 77 9
40 0 99 15 0 31 0
0 157 2
155 16 96 104 0 1
155 16 60 93
11 45 2
3 0 2
0 9
109 9
0 0 9
0 2
0 9
109 9
0 9
0 9
30 4 76 16 8 0 9
0 9
0 9
76 16 0 4 76 16 128 0
149 9
0 9
3 0 2
0 9
0 2
109 9
0 49 3 0 2
33 95 0 8 0 33
54 3 0 18 2
76 16 13 0 9
19 15 0
5 44
0 9
0 0
106 16 0 9
11 0 62 0 2
71 1
0 6 179 0 0 0 0 16 0
77 2
5 56 6 80 5 125 0 156 0 184
22 15 0 9
28 39 0
138 0 0 9
144 2
32 3 0 2
5 142 31 15 0 0
0 16 0 0
58 0 131 2
71 4 5 73
5 0 0 0
46 74 18 36 2
122 0 0
106 16 0 0
5 174 0 65 26 5 0 18 86
5 174 0 21 192 6 77 19 117
178 28 39 0 0 0
62 3 0 33 95 0 33 95 2
71 21 35 0 0 35 0 20 33 95 0 33
11 7 62 2
42 49 13 0 118 2
5 19 10 0 34 27 62 5 0 6 36 118
77 2
3 58 60 2
14 3 98 8 117 2
28 39 0 0 83 13 10 36
57 2
3 108 36 8 0 11 65 31 3
28 39 163 82 31 15 0
102 4 5 41 3 10 0 0 5 99 170
144 4 32 3 163 2
0 78 5 19 10
43 28 64 52 60 0
101 4 165 47 10 0
157 9
0 4 90 94 23 1
0
158 0 0 3 19 60
0 4 84 105 0
0 131 118 4 171 2
28 39 0
0 34 25 0 2
54 5 145 0 60 2
42 49 13 0 118 2
30 4 21 28 120 78 10 0 60 0
0 2
60 4 171 2
44 5 0 3 2
30 4 90 14
21 75 70 10 35 0
28 39 163 82 31 15 0
71 4 171
10 15 0 23 8 0 57 56 6 3 0 12 0 2
8 0 11 0 118
3 164 0 10 146 31 107
3 98 57 84 159 27 33 95 0 33 95 2
8 0 16 0 2
178 20 8 0 53 78 27 85
77 2
42 49 13 53 0 12 2
30 4 0
0
42 49 0
28 39 172
30 0 2
28 39 13 163 118
57 2
53 56 6 188 86 10 18
11 7 62 2
0 28 64 0 4 115
35 0 0 5 195 0 34 0
40 0 12 82 8 0 9
106 16 0 4 26 36 0 4 0
21 0 27 31 12 0 42 49 48
10 25 0 2
5 164 0 55 85
5 100
62 0 64 3 14 118 2
101 4 3 98 17
98 22 2
0 4 155 16 0 86 8 0 118
76 16 13 22 3 80
43 57 56 6 3 0 2
21 3 4 0 20 8 0 9
7 37 53 15 0 193 31 12
5 80 28 39 0 15 0
3 195 52 0
15 65 0 136
112 11 45 2
106 16 0 0
0 0 2
5 198 69 8 0 0 107 150 0
0 4 7 0
87 32 25 0 2
5 0 79 38 15 0 16
15 0 0 2
56 6 52 0
144 9
102 4 0 16 27 2
46 74 3 190 12 60 2
15 0 0 1
42 49 15 65 136
76 16 167 7 40 0 3 36 0 131
7 0 199 12 0 3
22 32 3 0 2
28 64 19 8 0
0 12 85 4 90
3 0 6 52 0
56 6 0
42 64 99 0
94 34
5 54 0 0 83 0 24 0
28 120 78 10 0 15 0 0 0
22 2
90 147 12
42 49 13 0 140 0 4 32 3 2
94 34 9
0 16 36
101 130
3 41 0 85 2
28 91 68 0
22 15 0 9
102 4 42 91 68 0
145 12 0
41 85 2
175 3
0 0 4 3 19 185 0
175 3
65 10 100 3 4 0
0 149 1
42 49 60 24 15 187 0 0
35 0 1
113 16 0 24 0
15 0 0
175 3
90 0 0 9
175 3 104 126
144 2
3 123 0
62 18 0
0 5 100 18
5 77 78 18 1
14 3 41 10 0 2
56 6 0 4 76 16 0 9
26 0 11 62 17
123 0 4 147 18 90
28 91 0 15 0 10 0
76 16 117 50 137 0
5 56 6 41 10 145 0
5 54 153 60 0
94 34 4 0 49 163
3 19 10 99 170
26 35 0 0 62
57 127 15 0 2
102 9
0 49 0 9
0 91 174 10 99 3 140
54 3 0 12 2
28 39 0 10 52 0
18 53 0 6 52 0 9
90 159 157 38 27 0
92 107 10 94 38 0
30 9
28 64 0 60
180 9
3 123 0 12 9
0 16 0 1
132 74 40 36 82 2
122 0 0 0
21 76 16 0 0 73 9
195 5 36 21 105 31 55 2
30 166 87 113 16 0 4 62 87 124 3 105 2
113 16 170 4 0 73
28 39 170
58 86 2
0 91 3 96 2
0
42 91 96 0 9
15 0 83 0
127 15 0 0 9
102 9
94 60 9
139 0 9
56 6 36 0 0
42 49 13 0 10 0
42 49 58 15 0 9
93 139 0 9
56 6 0 9
102 9
0 86 4 0 0 9
5 116 0 86 9
0 91 3 96 82 0 0 27 0 2
102
5 37 0 0
0 65 1
56 6 41 10 119 0
22 63 81 162 0 155 16 0 38 131 2
42 49 151 0 9
28 91 96 0 0 9
3 125 0 176 0 12 15 0 20 0
102 9
0 9
0 73 4 8 0 7 0 55 140 17
24 0 157 2
37 18 0 132 3 174 86 2
5 0 132 18 0 2
0 0 0
5 0 6 0 34 7
50 137 0 31 15 0
0 49 0 4 171 9
0 9
76 16 77 0 0
18 0 11 9
106 16 13 65
22 14 3 0 4 171 2
5 0 15 0 0 8 0 37 0
15 0 0 18 150 8 131 0
45 195 0 155 16 13 7 0 20 136
77 4 171 2
7 11 15 0
76 16 13 0 0
3 80 18 0 23 0 2
5 0 6 92
0 4 56 6 3 80 2
7 11 15 0
0 49 130 4 171 9
180 2
11 0 140 2
140 69 193 2
40 47 30 0 10 36 82
180
180
0 9
0 16 102 2
23 55 0
113 16 13 10 36 82
0
8 0 11 170
0 170
10 0 0
46 74 18 36 2
53 62 62
176 8 61 17
28 39 0 24 102
0 51 3 0 4 40 37 82 8 0 9
0 0 85 0 0 9
142 140 0 0 9
0 4 3 75 2
40 0 12 24 0 9
21 192 6 0 10 15 0 5 116
40 142 170 24 0 157
24 157 2
63 0 0 0 113 16 23 151 0 17
3 19 15 0 48
5 41 3 10 0 0 8 0 10 55
135 9
0 55 10 35 0 9
3 144 0 15 0 24 3
144 9
0 4 102 9
5 0 15 0
71 2
8 0 5 68 0 17
5 56 6 41 25 0 10 100 18
57 13 2
5 0 7 8 0 37 0
53 145 18 10 12 44
42 91 96 38 0 16 69 27 117 2
71
28 91 174 15 167 0
0 16 23 15 167 0
113 16 116 0 15 0 10 12 69 193
18 37 0 0 40 0 82 0 16 0 23 27
180 0 191 0
21 113 16 0 18 8 109 61
5 0 6 0 63 45 137 38 0 0
0 9
105 38 12 9
56 6 36 0 0 9
34 25 0 4 0 0 9
28 39 0 3 31 25 0 65
132 3 36 82 4 3 92 191 87 42 49 163 9
21 3 0 6 0 82 0 9
3 195 98 0 9
0 22 45 0 4 0 0 9
3 0 2
21 0 0 10 22 25 0 0 3 9
3 119 12 2
22 15 65 0 9
28 39 0
26 17
42 49 65 21 157 21 5 32 123 135 9
27 117 42 91 30 0
21 0 0 0 10 22 25 0 0
3 0 2
7 0 6 55 1
18 37 8 0 46 0 9
0 4 27 11 104 0 34 12
40 174 104 0 24 12
116 5 0 55 0 21 0 12 150 8 0
40 0 21 76 16 88 0 5 54 0
171 4 90 0
171 4 28 39 0 3
5 0 0 55 8 0
42 49 135 4 26 90 53 0 24 18
28 64 0 8 0 85 193 1
90 2
5 121 107 19 15 0 20 35 0
5 0 107 10 3 26 93 5 0 35 0 177 107
45 0 62 0 4 15 0 20 0
22 11 18 2
28 39 0 10 75 18
75 22 2
22 2
3 32
26 0 91 96 0 31 0 0
0 9
76 16 70 10 52 0 20
133 0 19 0
0 9
0 0 125 0 10 3
28 120 52 0 31 0 63 45 74
25 0 44 52 0
155 16 0 23 0 4 93
0 132 2
0 16 25 0 2
57 14 3 0 2
101 4 0 131 23 8 0
0 2
106 16 0 17
33 95 0 16 0 33 95 4 33 95 0 31 131 33
7 11 0
8 0 47 0
144 4 81 0 47 162
40 0 8 0 9
5 198 28 120 99 10 18 182 113 16 0 0
0 9
3 0 131 24 0 2
0 18 0
0 16 8 0 20 33 95 0 31 131 33 95 2
0 4 0 18
3 0 86 9
18 0 6 0 63 18 0 83 13
3 0 86 9
82 4 99 82 20 8 0 9
82 9
93 9
0 6 18 0 2
8 0 131 0 21 45 0 0 17 3 0 23 8 0
63 18 0 8 0 11 0 13 33 95 0 33
33 95 0 31 131 33 95 4 74 18 0 69 0 3 2
45 174 0 0
54 3 0 46 7 162 2
54 3 92 12 57 2
25 0 32 0
3 195 100 79 177
28 64 99 10 8 0 20 27
28 39 0
0 31 0 1
84 14 0 24 18
57 8 0 10 145 2
0 15 0 154
57 56 6 3 147 25 117 2
5 37 163 10 0 0 4 25 0
71 4 26 17
42 64 145 2
100 3 0
180 4 151 0 32 0 9
180 9
180 9
56 6 0
8 0 2
45 0 0 8 0
7 37 0 1
84 0 199 18
25 0 11 0 9
56 6 0 122 18 9
32 3 77 0 20 55 2
13 22 42 120 159 0
43 57 62 0 2
0 86
3 0 115 126 122 55
106 16 57 40 0 69 0 3
28 39 53 8 0 1
42 49 8 0 9
8 0 9
63 18 137 12 4 28 120 92 55 9
0 78 8 0 28 120 179 55 0 9
26 17
5 0 6
3 54 4 3 53 56 6
41 10 36 10 8 0 0 2
28 64 0
144 4 0 16 36
144 1
0 9
0 16 36 9
0 140 9
0 91 3 96 2
102 9
87 74 3 36 2
87 2
42 91 96 0 149 9
5 0 3 0 9
22 19 3 0 96 86 10 2
102 9
0 12 9
0 86 9
75 81 9
50 0 31 15 0
102 9
28 91 68 0 20 3 9
0 9
170 10 0 9
40 0 6 19 10
3 0 86 9
82 9
36 140 9
13 38 25 0
28 64 36 132 28 39 0 9
22 2
3 0 55 86 10 27 9
106 16 57 113 16 62 0
42 49 8 0 85 9
5 0 3 101 21 3 0 10 0 69 0 12
53 80 15 0
63 40 0 6 41 10 36 4 40 0 6 19 10
101 130 9
40 0 7 7 199 12 188 65
28 64 153 101 0
28 64 36 10 0 4 0 9
0 9
5 37 104 0
90 0 12 9
18 53 0 82
18 69 0 62 0
20 0 155 16 109 4 115
45 192 6 0 131 7 193
0 5 0 6 75 27
26 0 45 0 6 41 10
45 0 8 0 38 0 16 0
0 7 4 45 37 24 12
28 39 172 5 0 21 199 15 0 20 184 21 199 3 0
0 12 9
5 37 109
62 20 0 42 49 135 10 52 0 24 12
26 5 188 172 31 144
5 37 109 21 5 0 31 25 0
3 0 6 109
62 3 56 6 19 10 75 172 1
26 17
90 0 12 9
28 39 172 31 22 5 74
5 0 6 0 184 17 26 0 3 37 109
3 19 15 135 10 52 0 4 26 0 12
18 37 104 109 20 12
30 4 5 199 15 0
40 116 3 0 38 0 16 0 20 163 10 131
101 17 71
3 0 12 2
5 192 6 98 62 5 53 0 8 0
5 192 6 19 15 0 10 92 8 0
157 142 82 0 20 69
28 39 0 3 0 12 28 39 172 9
28 39 0 172
101 17 0 9
0 17 9
57 8 0 0 2 9
144 9
22 11 18 2
5 0 31 3
48 37 30 0 31 3 10 0 4 115 2
40 68 10
3 0 82 101 26 0 0
0 16 100 18 149 9
8 136 195 52 0
7 37 0
13 38 69
106 16 81 3 56 6 0 0
0 0 0 0 0 0
26 106 16 13 15 65 181
0 195 52 0
84 78 10 80 0 49 23 0 62 76 16 0 10 121 79 80 7 17
78 0 0 176 0 79
106 16 8 0 61 4 8 0 0
0 0 2
28 91 123 198 122 7
28 91 19 10 0 7
5 124 78 10 100 7
15 185 0 85 2
46 0 194 2
0 1
87 2
0 8 0
15 65 0 0 2
71
74 18 0 2
13 77 17 30 9
35 0 16 15 0 4 13 62 126 51 15 103 0
24 15 0 15 78 7 17
0 9
3 80 76 64 0 107 2
115 0
22 2
155 16 58 0
28 64 99 85 4 115
172 31 3 4 30 85 10 0 31
22 122 0 2
0
0 16 102 0 2
0 49 0 82 0 21 113 64 145 150 48 10 147 8 0 0
3 0 91 0 55 161 24 191
26 113 16 82 0 24 157
33 95 0 0 33 95 2
5 192 6 98 4 184 0 49 0 15 0 20 0
56 6 0 18 132 50 0
30 4 28 120 123
3 0 44
28 39 8 0 0
0 44 99 3 0
63 3 14 4 28 64 0 8 33 95 0 0 33 95 0
132 32 3 0 149 2
31 8 0 0 0
28 39 15 0 0
5 78 0 4 115
0 149 0 78 33 95 0 33
27 117 0 4 28 64 52 23 0
5 0 87 40 11 176 93 2
0 0 4 5 0
113 16 0 0 0
0
8 0 0 104 0 24 55 0
113 64 94 149 4 0
76 120 52 158 10 19 55 94 0
71
124 3 78 15 0 2
5 0 6 52 0 10 153
42 64 153 101
180 9
0 9
0 0 0
36 34 9
44 3 0 2
36 34 9
92 12 182 1
5 56 6 98 1
0 16 7 2
0 0 195 5 98 2
0 5 0 18 86 2
30 9
188 78 163 34 15 0 1
87 10 2
5 0 6 0 1
22 122 12 2
5 53 19 10 36 1
94 161 1
30 1
50 199 15 0 1
62 56 6 94 161 1
44 3 0 2
0 16 0 8 0 181 1
3 56 6 0 7 1
5 19 10 0 2
69 135 43 1
38 8 0 20 0 4
173 0 35 0 34 15 0 20 8 0 20 8 0 0 1
173 0 18 24 15 0 0 34 0 0 1
84 0 23 0 4 137 0 4 0 24 0 21 137 0 10 15 0 1
69 20 27 84 0 23 15 0 20 0 1
0 17
0 191 81 10 0 4 0 9
14 3 103 7 136 2
22 136 2
28 39 23 103 24 3 1
28 91 123 96 88 23 103 1
0 3 0 6 103 12 0 88 1
92 12 132 4 21 3 54 19 25 0 1
28 39 25 0 1
80 0 122 18 1
5 73 0 1
14 24 12 51 3 44 4 26 56 6 0 12 10 145 1
0 35 0 0 2
0 4 0 12 1
173 56 6 80 0 39 23 103 24 0 1
26 5 54 188 0 39 0 0 55 0 1
27 11 30 103 4 26 0 0 1
56 6 0 9
5 0 6 9
3 0 18 9
173 0 51 5 0 21 0 1
173 0 30 0 0 138 0 4 15 0 4 15 182 0 15 182 0 1
127 0 53 0 10 0 1
84 0 69 0 20 0 4 26 123 0 0 1
173 73 165 78 7 4 15 0 1
0 0 9
159 12 0 9
69 135 17
57 74 3 0 12 2
34 25 0 1
14 3 80 42 49 15 0 0 1
15 136 17
15 0 0 17
28 39 104 0 1
42 49 53 0 10 0 12 0 1
56 6 105 38 12 78 7 9
5 0 22 3 32 1
15 136 83 138 0 1
83 15 181 1
173 37 0 132 15 0 0 4 34 35 0 16 0 142 10 0 24 191 1
40 37 187 0 4 24 15 0 0 1
26 5 0 55 4 178 40 37 0 51 15 0 0 1
173 0 0 21 37 51 0 51 5 125 52 1
35 0 137 0 34 15 0 21 5 37 0 24 55 1
173 0 0 8 0 21 37 122 10 145 4 26 40 0 23 0 20 12 4 0 23 15 0 0 0 1
40 0 12 4 0 5 125 0 4
173 37 0 34 8 0 0 0 0 21 0 1
24 138 0 0 4 40 0 86 55 0 21 0 12 0 5 0 82 23 0 21 0 31 0 1
40 0 12 21 5 68 10 99 0 34 35 0 21 175 55 21 0 55 0 1
15 0 0 37 0 23 12 40 47 96 8 0 0 0 23 8 0 0 1
58 0 2
3 142 10 0 12 2
32 3 0 2
25 0 32 0 1
14 3 103 12 2
5 41 3 10 103 12 9
92 12 9
3 19 127 187 0 1
0 0 3 19 96 0 62 126 1
54 3 58 103 12 2
5 103 3 88 43 0 1
8 88 3 0 12 4 8 88 5 103 3 1
159 107 9
65 0 1
27 11 8 0 20 0 0 0 1
28 39 104 172 1
5 0 0 10 0 0 1
27 11 8 0 20 0 0 0 1
40 0 12 10 179 138 0 24 3 1
14 3 0 2
0 0 4 0 1
104 65 1
28 64 92 55 1
112 11 45 2
13 93 1
30 88 0 4 0 1
28 39 62 0 4 28 91 68 0 1
0 5 14 81 2
71 4 35 0 1
28 39 62 172 1
0 79 1
46 44 18 69 0 86 24 191 2
0 86 24 191 2
3 21 12 1
3 21 12 2
5 0 6 133 0 9
105 38 12 1
28 91 130 70 0 1
146 0 5 77 0 1
36 21 146 31 12 38 8 0 16 0 9
36 93 9
28 39 13 25 0 9
42 91 0 25 0 21 0 1
65 0 1
42 49 0 20 107 4 0 1
42 49 0 12 1
56 6 0 12 4 28 39 13 0 3 1
5 19 15 0 24 3 1
50 19 15 0 21 5 0 0 18 1
28 64 0 0 3 0 3 0 12 1
42 49 0 9 9
21 5 98 46 77 0 3 1
42 64 100 9
34 25 0 9
106 16 46 5 103 3 1
146 17
0 16 109 2
5 0 3 0 35 0 1
0 54 0 3 1
0 12 9
56 6 3 103 12 0 2
0 5 52 158 53 85 88 117 2
53 85 117 2
14 3 0 0 20 0 0 2
18 37 138 0 0 23 152 165 0 10 0 37 0 1
8 0 37 43 0 23 15 0 0 1 1 8 0 21 0 20 8 0 0 23 8 0 0 0 0 78 8 0 20 138 0 1
0 0 0 38 8 0 21 0 68 107 0 23 8 0 0 10 0 156 0 0 1
3 32 8 85 112 0 12 10 0 1
21 42 64 52 8 182 0 1
5 93 0 0 165 23 35 0 21 0 107 1
0 69 165 112 0 12 1
14 3 0 103 12 2
0 9
42 49 0 9
8 0 9
0 12 9
0 7 35 0 2
35 0 2
0 0 0 0
0 69 156 0 51 0
21 0 34 156 0 10 52 8 0
20 0 0 0 1
51 0 20 0 0 0 4 45 0 0 8 0 0 4
0 69 55 0 4 52 0 10 156 0
21 0 0 0 20 55 0 51 15 0 0 1 95 45 11 55 0 0
0 0 0
0 0 0 95 1
13 107 1
0 0
0 0 0 0
36 23 0 20 103 1
7 11 0 0 1
0 20 7 0 31 0 16 63 25 0 32 1
22 47 14 3 43 2
8 0 0 21 0 10 165 0 0 24 29 0 2
83 14 3 36 82 2 1
0 32 0 0 81 78 7 51 0 0 1
0 0 50 70 20 151 0 4 0 50 0 151 0 101 1
8 0 0
0 0 0 0
10 121 50 58 133 0 189 31 6 47 0 1
10 121 50 23 29 0 0 44 19 0 1
5 14 13 0 0 0 1
0 0 1
21 89 29 0 0 1
5 0 13 133 29 0 0 1
0 1
7 37 0 1
0 0 1
26 0 2
18 0 126 154 1
18 11 151 0 1
185 2
24 33 29 0 11 0 6 33 59 4 29 0 83 0 11 1
83 6 0 138 0 83 0 1
26 0 6 0 11 0 1
19 128 0 0 3 4 83 19 3 0 12 2
57 5 2
18 11 35 0 1
66 5 4 26 57 3 0 6 33 6 33 16 0 2
18 11 0 160 0 1
48 0 23 0 0 59 4 81 20 3 4 0 1
0 0 22 1
18 11 29 0 0 1
22 11 27 72 31 167 0 2
18 32 35 0 1
48 29 0 23 8 153 0 0 1
63 3 0 4 0 0 0 1
5 97 124 0 38 3 2
58 133 13 1
132 14 3 0 6 0 0 2
26 5 36 16 1
0 1
0 111 4 24 0 1
0 1
18 11 149 29 0 4 196 2
73 5 8 0 152 7 0 86 2
118 6 11 43 0 1
118 50 19 0 1
5 0 7 6 0 101 24 3 1
5 19 29 0 0 1
0 19 3 89 165 1
0 11 81 0 43 128 11 1
0 11 0 128 4 178 43 3 139 24 25 0 0 1
5 108 27 0 4 110 1
10 0 0 1
10 14 50 1
183 0 0 8 0 1
7 11 0 31 33 0 33 1
22 11 33 44 0 33 23 6 0 2
66 5 126 1
50 36 10 0 0 1
0 1
5 0 0 0 4 26 50 36 0 10 0 0 1
26 5 0 0 0 1
0 13 1
27 11 13 0 1
0 2
7 11 13 0 77 1
5 0 4 0 5 0 0 1
0 134 4 21 0 1
0 7 3 32 0 1
46 11 6 24 3 2
0 0 4 0 0 1
5 141 27 61 20 25 17
14 6 43 4 14 6 43 1
5 68 0 177 39 1 8 0 31 38 25 10 52 1
3 0 13 128 52 27 0 1
74 0 0 88 25 0 0 2
165 11 0 34 6 0 1
30 4 5 98 7 0 20 8 0 0 1
0 0 0 0 23 0 0 0 20 111 17 151 0 0 1
3 32 0 1
146 53 51 1
22 0 3 20 35 0 131 0 2
60 3 99 58 0 20 1
5 19 4 51 18 0 4 115 126 0 1
175 3 104 126 4 0 1
0 130 1
5 0 3 97 69 1
14 3 19 29 0 31 12 2
23 8 0 1
48 143 139 1
141 25 0 1
22 14 14 3 72 2
0 1
0 3 7 58 2
141 1
5 198 7 3 0 69 7 117 17
25 0 146 1
66 0
14 3 0 10 8 0 2
5 0 6 1
15 0 1
21 45 11 13 0 8 0 1
93 50 22 11 0 4 21 191 8 185 0 32 0 0 17
3 108 97 105 38 48 72 16 1
75 4 10 0 0 17
18 32 0 4 111 1
30 4 18 32 0 0 0 1
0 4 0 1
23 25 0 1
46 121 36 14 50 10 0 2
87 11 6 0 0 2
54 5 52 3 20 0 2
0 20 7 181 72 4 197 1
36 16 22 10 14 1
29 0 0 83 27 61 1
14 5 19 75 22 2
43 5 75 22 1
22 44 14 3 2
0 12 58 16 1
149 2
88 1
58 88 1
14 3 58 29 100 0 0 2
5 41 0 4 59 4 0 1
30 154 4 0 1
7 74 0 0 1
132 3 0 150 8 0 1
7 74 0 0 1
0 0 4 119 1
67 27 0 12 2
21 2
22 4 33 21 33 2
183 0 131 0 2
104 0 1
0 1
66 3 31 152 0 7 5 4 0 0 2
145 89 26 1
18 29 47 96 0 0 7 20 0 47 0 3 1
15 0 2
7 0 1
25 0 0 25 182 0 89 5 80 1
0 1
22 14 67 25 0 27 0 2
34 8 0 24 29 0 0 0 1
81 0 2
0 2
3 89 2
48 27 142 20 1
143 4 41 3 17
0 0 15 0 31 110 1
193 0 4 3 0 24 17
0 0 0 1
46 11 6 48 34 25 0 2
5 41 0 197 1
0 4 24 0 1
3 54 0 17
26 75 0 197 7 5 0 129 1
0 20 0 1
50 0 23 8 0 1
36 161 24 25 117 1
14 3 44 0 7 0 0 2
185 0 1
26 0 1
25 0 0 12 1
11 6 35 0 2
149 2
71 4 6 11 25 0 1
0 9
5 19 0 165 1
22 29 0 4 75 1
67 6 36 15 0 2
18 74 4 59 4 0 1
35 0 0 89 17
6 0 185 4 59 4 65 4 0 0
0 1
32 3 0 77 27 61 2
0 4 0 1
5 0 6 4 59 1
0 4 59 4 0 1
54 5 0 81 31 3 2
0 10 14 2
0 2
5 0 0 10 81 51 15 0 10 80 1
0 38 0 0 0 2
14 5 0 23 0 2
18 11 13 0 77 46 0 27 181 11 1
32 0 0 2
30 166 1
3 190 6 89 13 0 31 0 10 52 2
0 4 3 19 20 0 0 1
5 68 0 0 26 1
8 0 11 0 1
18 44 179 0 46 0 50 32 4 53 78 38 25 1
5 73 169 0 34 35 0 1
5 190 6 0 7 45 29 0 0 0 0 1
5 19 97 27 61 0 6 1
5 19 6 77 0 15 0 0 1
21 3 89 1
50 69 4 51 15 0 20 0 1
0 111 1
22 29 0 47 68 183 1
69 0 32 4 59 4 29 0 0 1
0 97 89 2
0 32 89 29 0 0 1
48 67 6 23 103 97 0 31 2
69 183 0 4 0 4 0 0 1
7 0 6 0 89 27 61 167 1
27 61 0 7 24 3 21 0 97 89 2
3 32 97 167 0 34 39 1 2
3 32 97 0 2
97 2
0 31 0 10 52 4 71 1
196 0 0 4 15 0 0 0 0 1
112 11 48 43 2
0 0 0 1
46 14 3 14 7 2
3 36 169 1
10 44 0 21 10 36 1
0 0 1
112 99 67 6 0 2
84 1
30 4 45 1
0 70 1
38 0 0 8 0 0 0 20 15 0 17 24 8 0 0 0 20 0 85 1
53 134 31 0 1
3 54 36 0 0 0 10 7 3 0 190 1
5 73 24 0 0 1
57 14 5 0 72 2
5 188 184 29 0 0 23 35 0 1
146 72 53 51 1
112 67 41 67 6 0 2
0
46 3 32 0 0 2
146 72 1
5 54 0 29 0 1
7 67 13 80 3 1
0 16 0 38 87 50 0 32 0 1
0 1
0 0 2
5 73 0 0 65 0 0 4 119 1
5 19 13 0 46 40 37 0 1
5 89 13 1
40 0 14 29 0 0 1
7 67 13 0 60 1
84 41 3 4 143 1
105 26 1
84 139 105 38 10 25 1
36 26 1
54 5 8 0 2
0 108 126 0 0 0 147 17 38 27 0 0 1
20 33 6 33 6 114 85 142 1
44 0 30 0 63 3 14 13 41 0 1
84 92 6 51 63 45 156 0 68 0 17 0 160 29 0 0 4 21 23 129 0 0 86 1
0 12 7 3 0 153 1
112 0 45 112 72 2
63 79 183 0 34 35 0 26 14 13 0 1
183 190 5 27 61 0 1
5 89 1
77 87 2
0 0 4 0 2
5 121 153 3 4 59 1
7 37 158 1
158 2
71 4 7 3 19 68 6 10 25 0 1
3 19 4 59 4 68 6 10 25 0 1
0 4 71 1
127 51 3 7 164 19 24 0 1
3 68 6 97 89 158 2
0 4 59 1
50 19 13 174 0 27 1
3 4 59 1
71 4 5 4 59 1
57 67 27 164 0 12 2
178 3 14 13 0 6 1
83 2
105 0 72 16 1
27 67 13 41 50 4 134 141 1
67 6 19 3 72 160 12 2
27 67 13 0 12 1
105 12 16 1
22 3 74 0 4 68 14 70 24 12 1
0 8 0 1
13 27 61 0 1
22 139 0 14 3 2
3 19 10 0 0 0 1
22 29 0 1
87 14 50 0 0 2
30 166 1
5 14 13 0 77 8 0 3 1
7 108 98 3 1
5 0 0 1
147 7 0 1
87 67 40 0 0 2
40 0 0 1
0 108 0 3 4 85 0 1
0 6 13 1
3 14 13 19 0 6 4 14 13 121 100 7 25 6 0 1
63 25 6 13 0 4 10 0 79 3 1
70 33 0 33 1
0 23 169 4 87 84 54 100 3 1
67 13 121 100 7 3 6 0 1
3 32 38 140 1
22 67 3 72 0 2
0 101 24 25 2
119 71 1
5 74 13 188 184 27 61 0 4 134 5 19 0 0 1
14 3 14 41 0 2
5 139 60 1
5 44 133 0 0 2
5 36 24 8 0 10 0 0 4 43 73 0 5 34 8 0 10 0 1
5 54 13 0 0 7 84 19 0 12 1
3 19 0 4 0 1
7 0 0 1
20 0 5 41 7 3 36 1
63 3 7 0 0 1
5 0 7 25 41 7 5 124 147 7 0 1
50 0 0 1
3 32 0 1
5 0 3 1
46 3 137 0 2
0 4 59 4 158 1
3 0 29 0 12 0 1
5 0 3 1
5 0 10 80 17
22 198 3 2
5 0 10 80 17 7 5 20 25 141 1
7 23 8 182 0 1
0 4 5 73 38 140 1
21 5 19 29 0 0 161 31 25 1
105 16 22 5 19 0 161 31 25 1
5 19 0 161 6 31 25 10 147 0 23 1
14 50 0 14 27 61 0 0 114 2
46 0 3 2
3 125 19 0 86 21 54 105 38 12 1
3 0 23 0 1
0 46 35 0 37 83 27 61 1
46 3 37 0 2
13 10 0 1
3 32 13 0 1
46 14 5 19 14 6 43 2
51 63 3 32 0 1
26 121 139 1
32 0 93 88 0 2
0 32 27 61 0 0 24 22 0 0 4 7 84 14 13 0 0 1
21 50 0 154 1
63 25 0 0 34 8 129 0 0 0 82 17 3 199 0 30 0 160 0 83 0 1
5 108 6 24 7 0 0 10 79 0 4 0 11 1
0 0 80 4 0 1
134 0 48 11 97 29 0 1
8 136 0 55 23 31 29 88 0 4 0 0 1
3 0 24 148 1
5 68 29 0 0 1
0 0 1
23 0 0 1
5 0 3 0 21 17
14 3 0 0 12 58 2
5 3 19 0 122 15 0 23 0 0 1
25 0 0 11 0 4 21 40 0 90 0 34 1
3 179 26 30 0 1
0 99 3 58 29 0 1
5 73 13 0 1
7 108 52 3 4 59 1
5 0 6 4 59 1
53 34 35 0 1
0 0 5 26 75 7 138 0 0 0 0 0 147 1
0 6 0 10 12 1
5 66 6 89 13 4 110 0 0 0 0 1
168 2
0 40 47 96 0 40 47 0 0 12 1
89 81 47 162 0 24 148 1
83 81 47 0 1
168 2
71 4 38 0 48 11 93 168 1
0 193 1
0 194 1
5 14 13 0 6 1
7 11 97 187 2
46 126 11 7 2
30 166 1
26 22 11 3 17
18 11 4 59 4 0 4 26 6 11 0 168 1
38 0 4 0 6 0 4 51 0 168 1
0 4 33 30 166 33 2
18 11 13 0 0 0 1
15 0 0 156 0 1
0 21 0 4 10 0 21 0 4 0 21 0 1
0 21 0 2
87 19 14 0 6 23 0 2
3 0 0 29 0 1
0 194 0 4 0 0 17
7 11 0 194 23 8 0 1
50 119 19 168 4 0 14 13 19 168 1
18 11 0 168 4 21 43 153 1
0 30 154 0 2
18 0 69 0 7 0 1
5 19 8 0 10 0 1
18 0 176 55 1
71 4 176 55 1
26 29 158 181 1
67 6 14 30 0 2
7 54 75 3 4 59 1
45 11 0 1
8 0 4 0 1
84 124 19 0 1
57 2
45 0 0 1
23 6 182 0 11 13 0 8 0 1
0 0 0 17
3 108 0 13 115 126 0 1
7 11 13 8 0 1
22 54 129 0 179 15 0 3 2
18 67 13 119 1
46 3 124 190 6 51 110 29 0 68 2
21 197 43 2
43 50 44 19 0 114 58 1
57 14 0 14 7 2
0 114 34 8 170 0 1
30 166 1
0 5 5 14 13 75 7 3 41 0 1
5 14 13 41 0 3 89 4 119 1
72 4 43 1
0 0 2
13 29 0 0 2
67 6 189 10 35 0 2
10 105 1
5 0 3 58 1
46 137 25 0 0 2
0 4 119 1
22 3 47 130 2
0 25 66 4 59 4 10 0 21 27 61 1
19 148 0 70 160 2
50 19 13 77 0 0 114 1
5 44 0 27 0 26 16 1
24 7 5 73 8 0 0 58 0 4 26 134 5 36 16 1
5 159 170 3 4 59 1
112 37 7 2
169 4 110 1
0 2
3 0 27 61 0 1
40 174 29 0 1
37 40 43 38 140 2
3 32 0 38 140 1
0 0 1
22 19 3 69 130 2
3 32 4 59 4 0 4 196 2
63 3 14 13 41 92 6 17
5 73 169 104 0 1
5 73 0 1
26 5 44 189 133 1
7 0 29 101 166 12 1
5 73 13 93 23 8 0 1
5 19 30 0 1
5 19 185 30 0 1
0 2
0 177 20 12 1
5 73 0 20 25 1
148 2
32 3 7 2
3 32 0 1
87 0 3 2
0 11 0 10 0 1
5 68 6 58 0 1
24 152 2
0 2
27 11 120 0 1
0 4 10 121 50 29 0 0 1
7 11 13 0 0
5 29 0 47 0 1
43 3 14 13 0 1
0 4 50 44 0 1
60 1
45 47 0 1
72 21 2
0 26 34 1
5 0 0 1
0 1
22 29 0 1
133 34 0 0 1
0 1
0 1
23 15 0 0 0 3 0 1
5 44 0 133 29 0 1
22 11 48 97 109 24 25 2
22 11 48 109 24 12 2
18 11 109 24 148 1
5 19 0 55 1
40 0 114 85 24 29 1
7 67 13 80 3 1
83 138 114 0 20 29 0 1
7 0 23 8 0 1
5 0 156 0 10 8 0 0
5 190 6 69 0 4 178 5 66 0 22 5 44 14 1
22 43 2
0 0 1
10 14 50 1
14 5 99 8 0 0 2
14 5 0 127 0 2
105 4 45 0 38 1
5 0 51 15 29 0 1
187 0 1
3 108 30 179 0 4 119 1
14 3 0 34 29 0 0 0 2
0 0 3 93 24 0 2
27 14 13 41 3 1
53 34 35 0 1
22 11 48 10 8 0 2
5 66 6 4 20 148 1
0 19 94 1
57 19 3 0 70 2
40 11 35 0 1
21 5 73 3 136 1
3 125 13 92 10 0 6 1
0 3 12 23 27 13 2
5 41 179 122 27 30 0 1
5 14 13 14 7 89 1
22 44 14 0 4 80 3 2
30 166 1
3 0 92 148 7 5 66 7 0 17
5 141 35 0 1
47 48 162 58 88 2
22 43 2
63 58 88 47 162 48 17 21 3 41 12 48 22 160 0 17
46 54 3 75 81 78 7 2
3 14 8 0 117 0 1
0 71 2
0 4 71 1
0 12 101 4 5 3 44 14 70 1
5 41 98 6 93 1
75 6 26 135 23 35 0 1
75 7 70 47 162 1
43 5 48 123 88 10 0 1
5 0 6 3 1
70 47 77 162 1
187 1
54 5 153 93 2
0 0 4 38 7 0 17
12 43 13 128 0 1
30 0 0 24 25 0 4 30 0 0 21 27 61 1
0 38 12 1
5 30 154 0 1
25 66 4 59 4 22 5 0 1
5 66 6 1
18 11 0 0 0 1
133 0 1
14 3 75 6 63 25 0 2
30 1
72 16 0 53 51 1
30 4 178 6 67 79 88 0 63 84 98 6 1
63 3 92 10 25 0 6 4 0 48 43 0 26 29 0 1
13 0 0 1
147 72 0 23 0 4 183 14 13 14 97 0 2
22 0 20 0 44 0 3 2
0 4 78 93 2
30 4 5 141 13 20 0 1
13 78 38 111 1
30 4 7 11 70 31 3 1
25 0 37 158 1
0 0 1
26 5 19 0 15 0 83 27 61 1
7 0 38 111 37 97 13 0 2
84 0 0 0 4 26 17
10 121 50 0 1
5 66 29 0 1
0 0 0 23 29 0 17
183 32 27 61 0 1
92 7 160 7 0 1
15 0 0 23 29 0 1
57 7 0 0 2
0 0 39 1 0 1
3 54 92 39 1 27 61 101 1
58 22 0 4 0 2
0 2
3 32 0 0 1
5 14 35 0 1
5 198 69 7 5 0 3 0 20 1
5 0 8 0 0 0 1
3 14 13 44 60 97 0 2
5 44 0 35 0 4 0 0 4 21 0 0 1
0 58 88 2
5 36 161 4 59 1
133 0 17
0 4 196 2
158 0 1
60 25 0 0 0 11 1
0 0 1
54 5 0 58 81 31 3 2
30 4 5 0 70 1
158 0 47 79 60 4 196 2
5 108 0 53 51 1
75 81 74 5 0 0 2
14 13 14 1
26 36 10 25 0 1
5 14 7 1
3 36 0 1
43 5 14 13 44 0 1
7 11 13 0 1
187 1
27 11 29 0 4 119 1
141 3 4 0 1
54 5 0 43 53 51 2
13 10 0 1
5 73 27 61 1
36 16 53 51 34 8 0 1
74 3 94 0 12 2
77 81 31 3 7 10 80 1
127 14 0 3 89 1
45 11 127 138 0 0 1
40 11 127 138 0 0 1
45 11 0 21 0 15 0 1
5 73 13 60 8 0 4 119 1
45 0 48 24 7 0 17
79 0 48 26 4 24 7 0 0 0 4 51 63 5 20 70 66 1
45 66 6 0 1
79 66 7 5 6 66 1
45 66 6 1
46 54 0 6 98 2
45 66 6 1
46 2
0 12 26 1
45 66 7 5 58 0 7 0 1
152 0 2
20 151 0 1
7 67 13 80 3 1
5 66 22 5 14 1
22 67 3 43 2
5 0 0 1
40 93 133 0 23 0 1
57 32 13 0 3 38 129 61 2
5 100 0 0 129 1
5 0 0 46 129 0 137 1
3 121 55 0 134 1
22 3 68 130 63 3 137 129 2
13 130 24 29 114 136 1
19 3 130 6 24 114 0 2
30 1
3 99 6 4 59 1
3 19 130 6 24 114 0 1
7 11 0 1
46 11 7 43 0 2
84 19 29 114 85 23 0 139 1
7 0 6 134 0 0 1
26 50 32 183 112 139 23 79 1
112 3 0 41 52 2
0 83 8 0 2
0 83 8 0 2
0 39 1 0 53 51 1
3 0 29 0 83 29 0 83 81 78 7 11 17 24 83 138 114 0 181 0 23 25 17 87 3 23 0 30 0 51 150 54 94 2
83 3 32 0 0 2
46 14 5 99 0 60 23 0 2
0 4 43 1
0 1
0 3 4 0 1
3 19 30 88 0 116 1
178 5 44 0 2
37 7 27 61 167 2
30 4 26 3 0 43 3 116 7 25 68 0 1
5 0 30 0 1
14 13 0 0 22 5 75 1
21 7 0 3 0 12 0 1
18 37 13 77 189 1
22 37 6 83 2
15 109 0 20 8 0 1
141 72 1
18 0 12 1
0 71 2
67 6 77 0 3 2
3 19 0 58 88 0 2
87 14 3 0 12 72 20 2
22 0 14 3 72 164 160 189 2
148 137 13 8 0 4 196 2
3 30 154 0 12 1
48 6 0 31 1
5 44 0 148 10 119 22 79 47 116 4 178 27 11 0 1
22 67 3 72 2
27 0 0 4 110 1
92 6 72 26 4 110 1
14 13 0 35 0 27 61 1
3 0 35 0 10 0 4 59 1
14 3 14 41 98 6 2
14 3 14 41 98 6 77 2
5 116 7 5 124 145 1
14 3 14 41 0 34 156 0 24 12 2
122 152 43 2
13 0 122 152 17 26 57 1
57 2
57 5 30 154 20 25 141 21 3 30 154 20 12 2
57 14 5 0 14 41 2
160 152 33 57 33 14 41 3 93 0 2
48 129 62 0 0 1
19 10 75 70 14 3 2
104 0 1
0 44 0 177 51 15 29 0 34 11 1
63 3 0 10 0 0 29 87 6 0 109 17 40 44 75 7 0 13 0 137 4 74 13 0 4 74 13 0 1
5 142 140 4 21 6 0 37 1
57 2 33 5 19 13 0 33 0 1
45 0 0 127 51 35 0 1
3 14 13 41 52 0 24 25 0 1
45 0 8 0 1 4 21 5 0 20 17
127 0 0 1
51 143 0 124 36 4 6 3 43 124 81 14 2
0 1
45 11 35 136 1
22 11 7 72 31 0 2
70 4 70 1
18 0 12 1
26 48 6 0 134 13 31 1
45 11 6 0 23 12 1
21 57 43 2
29 0 0 20 0 1
70 4 128 5 17
0 6 11 4 59 4 27 61 17 7 58 81 10 8 0 11 0 48 7 3 19 13 0 1
5 14 13 80 6 1
87 14 3 0 72 34 2
0 143 4 59 4 13 8 136 11 31 45 112 3 0 107 1
3 0 29 0 8 0 20 107 0 4 21 7 11 13 46 45 11 185 1
21 57 3 127 138 0 11 87 6 67 35 136 0 2
7 11 13 0
5 190 6 27 61 167 0 1
179 0 6 72 13 27 61 0 1
5 73 27 61 0 7 3 32 48 1
54 5 0 153 60 77 2
71 4 0 1
192 6 40 41 75 6 2
3 80 7 79 0 17
22 19 80 14 5 0 2
5 66 6 30 154 1
5 0 20 18 70 1
0 6 26 1
3 80 7 197 17
5 44 0 6 134 4 59 4 31 5 44 0 1
50 0 60 1
0 1
150 152 0 0 7 0 2
0 7 3 48 32 1
22 11 48 2
48 5 41 94 0 1
14 3 44 0 58 2
22 0 0 3 2
81 0 1
103 11 51 15 29 0 150 8 0 1
38 22 0 20 0 19 50 0 86 2
0 1
58 81 0 2
58 29 0 35 0 0 31 1
5 73 33 29 0 10 33 6 0 1
0 23 29 0 168 0 2
10 94 161 25 0 26 16 24 12 1
159 12 26 0 83 0 1
0 26 1
84 68 29 0 1
79 68 29 0 1
0 20 8 0 1
74 6 98 3 2
192 6 3 98 6 43 2
3 89 2
57 19 3 116 70 2
18 0 4 59 4 158 0 25 1
79 74 80 12 20 165 1
68 79 4 59 4 22 20 197 4 196 2
24 7 0 55 1
0 1
0 74 0 34 197 2
3 47 6 77 116 107 2
22 19 74 5 0 2
3 19 13 0 7 0 97 2
30 4 20 0 13 1
32 0 97 89 0 0 2
30 4 3 124 19 68 52 88 0 1
5 74 13 99 8 0 1
31 5 81 125 0 17 45 0 12 29 0 21 8 0 0 1
3 68 17
146 53 51 4 5 99 29 0 1
87 14 3 139 2
38 35 0 1
110 0 3 1
22 0 79 20 12 2
79 0 7 143 20 0 66 176 0 20 0 1
5 19 0 107 70 1
45 68 0 6 1
7 11 129 0 1
5 19 77 116 70 1
0 0 53 51 1
197 19 116 0 7 40 47 0 0 1
7 11 97 27 61 2
47 128 0 79 1
121 147 0 23 15 0 129 1
11 13 0 7 24 27 0 1
43 5 14 6 4 59 1
26 146 1
5 19 111 10 8 0 1
5 89 1
66 0 3 32 13 0 1
5 121 147 0 23 15 0 129 1
24 156 0 2
10 80 3 134 7 5 13 17
14 5 58 0 72 10 8 0 24 111 2
71 4 5 73 60 1
5 0 6 4 59 4 38 0 1
79 11 0 34 8 114 0 1
133 0 1
0 0 1
0 20 110 10 92 6 1
7 70 0 0 3 47 116 1
87 11 40 2
7 11 0 34 0 1
5 0 55 4 59 1
0 16 0 1
54 5 110 2
5 44 0 129 53 51 1
7 114 0 11 58 17
0 0 3 6 1
14 5 19 0 58 81 31 3 2
30 4 175 3 1
81 38 0 2
30 4 175 3 1
0 2
5 41 14 81 31 3 1 0 0 2
0 0 0 2
0 0 2
5 44 25 0 0 2
0 39 0
24 110 1
46 36 14 0 2
22 11 48 163 34 0 143 21 111 2
66 5 126 1
12 0 7 26 1
5 37 0 38 111 4 21 40 67 104 0 63 5 19 6 160 143 1
79 47 6 0 3 2
22 19 92 74 40 12 43 2
22 116 79 2
3 32 35 0 1
5 41 98 6 169 1
22 11 3 0 92 6 2
22 7 0 38 25 47 0 7 3 41 0 0 2
21 22 0 6 3 2
0 6 11 27 61 7 7 0 34 8 114 0 0 1
83 84 0 81 23 7 114 1
5 19 96 0 4 7 67 13 121 139 5 34 12 1
0 0 2
19 3 0 6 24 143 2
46 3 125 12 0 51 27 4 111 2
25 0 35 0 0 1
5 98 3 93 0 17
66 5 126 4 0 0 1
87 67 6 19 3 2
7 66 3 0 65 1
160 143 1
45 112 17
19 148 0 6 2
67 13 14 7 1
40 0 7 0 0 6 4 0 0
46 125 5 125 19 96 27 61 0 2
3 19 0 12 31 0 1
0 0 7 5 73 0 1
143 0 1
21 5 188 184 0 0 0 178 45 67 13 0 12 17 0 45 0 35 0 1
3 0 7 0 1
5 19 0 130 70 24 7 0 1
5 68 130 7 72 26 1
46 54 3 0 24 0 2
46 3 125 0 69 161 10 12 21 12 0 0 2
46 125 3 7 2
141 0 25 0 26 1
5 41 119 70 88 20 3 4 21 5 41 100 3 123 88 1
0 0 0 7 5 0 3 0 17 69 0 7 5 0 0 31 3 38 25 0 21 0 17 11 93 0 1
3 32 27 61 0 0 0 31 128 7 10 52 3 93 0 32 0 1
5 94 1
5 108 0 24 3 1
110 66 6 20 191 1
19 3 0 6 55 2
5 13 4 148 1
22 47 162 24 25 0 2
0 177 20 12 1
5 198 17
22 198 3 2
25 0 0 31 35 0 1
3 124 44 0 24 0 1
3 142 10 12 1
5 41 31 3 52 48 1
67 6 159 3 27 61 2
14 43 26 70 88 31 12 1
3 121 8 0 0 110 10 0 12 2
110 70 47 130 23 0 0 1
0 1
0 8 0 1
5 73 13 0 0 24 25 1
52 3 7 4 111 2
143 0 0 1
5 66 22 3 94 10 14 1
3 14 13 94 1
5 41 0 24 3 1
30 1
5 41 128 0 24 3 1
7 0 30 101 166 12 1
3 108 145 12 0 1
3 32 0 29 0 17
141 1
0 0 1
5 0 3 0 1
5 44 0 4 119 1
5 0 3 0 1
5 0 3 0 0 1
105 72 22 3 14 4 0 0 1
7 37 29 0 0 0 4 111 1
3 19 0 55 7 0 6 0 1
3 19 0 0 6 1
18 0 12 20 0 1
54 5 0 25 0 2
3 0 12 0 26 53 51 1
22 47 162 24 25 114 0 2
5 19 0 3 26 23 85 0 1
3 189 23 8 0 1
3 35 0 47 0 10 0 1
3 0 33 29 0 24 33 29 0 54 12 1
19 31 7 3 0 1
11 6 104 167 2
14 3 189 72 2
18 0 82 0 0 0 4 59 1
22 29 0 193 1
0 1
22 37 7 2
13 22 3 80 1
22 11 48 97 24 3 10 8 0 2
12 26 33 16 0 57 0 33 6 34 12 47 0 1
111 0 4 111 27 61 4 111 8 0 0 1
57 5 60 0 128 0 23 35 85 2
3 0 26 4 26 21 3 0 17 21 5 66 23 8 0 30 154 45 112 5 73 1
5 66 6 169 30 154 1
5 66 128 7 5 73 0 0 1
27 61 0 0 128 1
0 1
196 110 4 19 3 0 143 2
22 37 7 72 2
151 125 19 0 3 1
3 0 0 4 0 1
0 12 0 6 72 1
12 0 0 1
0 4 75 1
46 0 7 2
110 142 0 86 69 20 15 0 1
11 7 0 156 0 2
0 1
0 2
0 1
44 50 44 0 2
63 3 85 117 0 4 75 43 70 25 0 1
18 37 29 0 4 21 3 33 6 44 14 13 58 33 16 1
57 3 124 55 0 2
63 25 164 0 4 3 108 0 55 4 59 1
7 67 13 0 79 4 134 43 0 3 1
141 6 0 1
14 3 36 58 24 129 10 0 2
18 37 85 177 1
18 0 31 50 68 0 0 1
79 142 19 15 65 0 38 12 1
48 37 30 0 86 38 1
22 47 27 72 31 0 2
18 47 169 162 1
3 124 19 68 75 6 31 50 0 1
47 70 130 3 23 0 0 2
5 41 0 184 0 4 7 6 69 129 0 37 7 17
7 5 6 0 177 0 17
5 41 6 4 59 4 92 4 26 5 17
21 0 0 17
3 19 151 100 0 4 26 17
79 0 34 8 0 4 21 40 37 148 10 6 0 4 5 142 0 17
137 111 21 148 10 6 0 2
18 0 69 4 59 4 65 1
5 19 0 24 197 17 21 40 47 68 70 24 7 0 1
84 47 128 139 0 1
13 0 1
0 13 1
3 108 0 33 6 26 33 16 1
7 11 6 65 0 1
8 0 0 11 7 110 25 0 23 8 0 47 0 1
3 108 0 134 1
3 198 7 72 4 22 74 3 0 75 2
7 5 17 23 8 0 189 2
3 189 23 8 0 4 71 1
21 7 47 13 96 0 0 1
7 0 0
5 68 164 6 166 7 168 0 199 0 1
5 66 13 22 0 168 0 48 1
5 41 17 169 17 23 8 0 15 0 0 0 12 1
3 19 97 25 0 2
7 11 29 0 0 1
8 0 7 48 11 29 0 0 13 0 7 6 11 0 1
48 11 70 0 43 7 1
5 66 20 18 0 1
5 73 29 0 23 0 1
5 73 0 89 0 10 6 0 1
14 3 98 7 0 2
0 23 103 4 0 23 6 0 1
152 0 47 116 7 2
33 84 33 75 164 0 0 1
112 32 33 84 33 0 2
0 1
0 72 1
35 0 2
5 19 0 79 118 1
18 0 60 97 65 2
0 2
18 11 0 60 0 0 65 1
0 4 71 1
18 11 0 60 0 4 59 1
21 0 65 4 89 1
5 44 0 3 53 51 8 153 0 1
0 1
26 3 108 0 181 12 85 1
3 75 6 26 1
7 3 123 4 26 0 123 4 58 165 0 44 0 1
123 1
123 88 1
13 133 35 0 2
12 0 7 153 0 26 1
22 93 2
63 3 33 6 0 0 127 51 33 6 11 4 21 66 7 6 13 164 0 21 0 32 17 21 3 169 32 0 4 21 0 0 32 24 0 17 43 3 54 52 0 1